# [mean_walkin_arrival] [mean_ambulance_arrival] [mean_triage_duration] [mean_initial_assessment_duration] [mean_test_duration] [mean_follow_up_assessment_duration] [mean_hospital_duration] [mean_severity] [num_doctors] [num_nurses] [num_exam_rooms] [num_labs] [num_hospital_rooms] [addmittance_chance] [specialist_chance] [goal_patients_simulated] [output_file_name]
                    0.5                      0.1                     10                                 10                   10                                   10                       10               3           100          100              100        100                  100                 0.40                0.40                     50000               Base
                    0.5                      0.1                     10                                 10                   10                                   10                       10               3           100          100              100        100                  100                 0.40                0.40                     50000             Spec_1
                    0.5                      0.1                     10                                 10                   10                                   10                       10               3           100          100              100        100                  100                 0.40                0.37                     50000             Spec_2
                    0.5                      0.1                     10                                 10                   10                                   10                       10               3           100          100              100        100                  100                 0.40                0.33                     50000             Spec_3
                    0.5                      0.1                     10                                 10                   10                                   10                       10               3           100          100              100        100                  100                 0.40                0.30                     50000             Spec_4
                    0.5                      0.1                     10                                 10                   10                                   10                       10               3           100          100              100        100                  100                 0.40                0.27                     50000             Spec_5
                    0.5                      0.1                     10                                 10                   10                                   10                       10               3           100          100              100        100                  100                 0.40                0.23                     50000             Spec_6
                    0.5                      0.1                     10                                 10                   10                                   10                       10               3           100          100              100        100                  100                 0.40                0.20                     50000             Spec_7
                    0.5                      0.1                     10                                 10                   10                                   10                       10               3           100          100              100        100                  100                 0.40                0.17                     50000             Spec_8
                    0.5                      0.1                     10                                 10                   10                                   10                       10               3           100          100              100        100                  100                 0.40                0.13                     50000             Spec_9
                    0.5                      0.1                     10                                 10                   10                                   10                       10               3           100          100              100        100                  100                 0.40                0.10                     50000            Spec_10
                    0.5                      0.1                     10                                 10                   10                                   10                       10               3           100          100              100        100                  100                 0.40                0.07                     50000            Spec_11
                    0.5                      0.1                     10                                 10                   10                                   10                       10               3           100          100              100        100                  100                 0.40                0.03                     50000            Spec_12
                    0.5                      0.1                     10                                 10                   10                                   10                       10               3           100          100              100        100                  100                 0.40               0.001                     50000            Spec_13
                    0.5                      0.1                     10                                 10                   10                                   10                       10             7.0           100          100              100        100                  100                 0.40                0.40                     50000              Sev_1
                    0.5                      0.1                     10                                 10                   10                                   10                       10             6.5           100          100              100        100                  100                 0.40                0.40                     50000              Sev_2
                    0.5                      0.1                     10                                 10                   10                                   10                       10             6.0           100          100              100        100                  100                 0.40                0.40                     50000              Sev_3
                    0.5                      0.1                     10                                 10                   10                                   10                       10             5.5           100          100              100        100                  100                 0.40                0.40                     50000              Sev_4
                    0.5                      0.1                     10                                 10                   10                                   10                       10             5.0           100          100              100        100                  100                 0.40                0.40                     50000              Sev_5
                    0.5                      0.1                     10                                 10                   10                                   10                       10             4.5           100          100              100        100                  100                 0.40                0.40                     50000              Sev_6
                    0.5                      0.1                     10                                 10                   10                                   10                       10             4.0           100          100              100        100                  100                 0.40                0.40                     50000              Sev_7
                    0.5                      0.1                     10                                 10                   10                                   10                       10             3.5           100          100              100        100                  100                 0.40                0.40                     50000              Sev_8
                    0.5                      0.1                     10                                 10                   10                                   10                       10             3.0           100          100              100        100                  100                 0.40                0.40                     50000              Sev_9
                    0.5                      0.1                     10                                 10                   10                                   10                       10             2.5           100          100              100        100                  100                 0.40                0.40                     50000             Sev_10
                    0.5                      0.1                     10                                 10                   10                                   10                       10             2.0           100          100              100        100                  100                 0.40                0.40                     50000             Sev_11
                    0.5                      0.1                     10                                 10                   10                                   10                       10             1.5           100          100              100        100                  100                 0.40                0.40                     50000             Sev_12
                    0.5                      0.1                     10                                 10                   10                                   10                       10             1.0           100          100              100        100                  100                 0.40                0.40                     50000             Sev_13
                    0.5                      0.1                     10                                 10                   10                                   10                       10             0.5           100          100              100        100                  100                 0.40                0.40                     50000             Sev_14
                    0.5                      0.1                     10                                 10                   10                                   10                       10           0.001           100          100              100        100                  100                 0.40                0.40                     50000             Sev_15
                    0.9                      0.1                     10                                 10                   10                                   10                       10               3           100          100              100        100                  100                 0.40                0.40                     50000              Arr_1
                    0.8                      0.1                     10                                 10                   10                                   10                       10               3           100          100              100        100                  100                 0.40                0.40                     50000              Arr_2
                    0.7                      0.1                     10                                 10                   10                                   10                       10               3           100          100              100        100                  100                 0.40                0.40                     50000              Arr_3
                    0.6                      0.1                     10                                 10                   10                                   10                       10               3           100          100              100        100                  100                 0.40                0.40                     50000              Arr_4
                    0.5                      0.1                     10                                 10                   10                                   10                       10               3           100          100              100        100                  100                 0.40                0.40                     50000              Arr_5
                    0.4                      0.1                     10                                 10                   10                                   10                       10               3           100          100              100        100                  100                 0.40                0.40                     50000              Arr_6
                    0.3                      0.1                     10                                 10                   10                                   10                       10               3           100          100              100        100                  100                 0.40                0.40                     50000              Arr_7
                    0.2                      0.1                     10                                 10                   10                                   10                       10               3           100          100              100        100                  100                 0.40                0.40                     50000              Arr_8
                    0.1                      0.1                     10                                 10                   10                                   10                       10               3           100          100              100        100                  100                 0.40                0.40                     50000              Arr_9
                  0.001                      0.1                     10                                 10                   10                                   10                       10               3           100          100              100        100                  100                 0.40                0.40                     50000             Arr_10
                    0.5                      0.1                     10                                 10                30.00                                   10                       10               3           100          100              100        100                  100                 0.40                0.40                     50000         Test_Dur_1
                    0.5                      0.1                     10                                 10                26.67                                   10                       10               3           100          100              100        100                  100                 0.40                0.40                     50000         Test_Dur_2
                    0.5                      0.1                     10                                 10                23.33                                   10                       10               3           100          100              100        100                  100                 0.40                0.40                     50000         Test_Dur_3
                    0.5                      0.1                     10                                 10                20.00                                   10                       10               3           100          100              100        100                  100                 0.40                0.40                     50000         Test_Dur_4
                    0.5                      0.1                     10                                 10                16.67                                   10                       10               3           100          100              100        100                  100                 0.40                0.40                     50000         Test_Dur_5
                    0.5                      0.1                     10                                 10                13.33                                   10                       10               3           100          100              100        100                  100                 0.40                0.40                     50000         Test_Dur_6
                    0.5                      0.1                     10                                 10                10.00                                   10                       10               3           100          100              100        100                  100                 0.40                0.40                     50000         Test_Dur_7
                    0.5                      0.1                     10                                 10                 6.67                                   10                       10               3           100          100              100        100                  100                 0.40                0.40                     50000         Test_Dur_8
                    0.5                      0.1                     10                                 10                 3.33                                   10                       10               3           100          100              100        100                  100                 0.40                0.40                     50000         Test_Dur_9
                    0.5                      0.1                     10                                 10                0.001                                   10                       10               3           100          100              100        100                  100                 0.40                0.40                     50000        Test_Dur_10